N_net: 10 Subsample: 0.8 Lr: 0.0001 Momentum: 0 Weight_decay: 1e-06 :: rmse 2.207618 
N_net: 50 Subsample: 0.8 Lr: 0.0001 Momentum: 0 Weight_decay: 1e-06 :: rmse 1.954874 
